0.785398163397448	0.493581739604847	-0.951997773815089
0.950546840812075	0.500700075585265	-0.951997773815089
1.10714871779409	0.521308631938132	-0.951997773815089
1.24904577239825	0.5529992101371	-0.951997773815089
1.37340076694502	0.590698166749789	-0.951997773815089
1.48013643959415	0.623876000478819	-0.951997773815089
1.5707963267949	0.636946703211213	-0.951997773815089
1.66145621399564	0.623876000478819	-0.951997773815089
1.76819188664478	0.590698166749789	-0.951997773815089
1.89254688119154	0.5529992101371	-0.951997773815089
2.0344439357957	0.521308631938132	-0.951997773815089
2.19104581277772	0.500700075585265	-0.951997773815089
2.35619449019234	0.493581739604847	-0.951997773815089
2.52134316760697	0.500700075585265	-0.951997773815089
2.67794504458899	0.521308631938132	-0.951997773815089
2.81984209919315	0.5529992101371	-0.951997773815089
2.94419709373991	0.590698166749789	-0.951997773815089
3.05093276638905	0.623876000478819	-0.951997773815089
3.14159265358979	0.636946703211213	-0.951997773815089
3.23225254079054	0.623876000478819	-0.951997773815089
3.33898821343967	0.590698166749789	-0.951997773815089
3.46334320798644	0.5529992101371	-0.951997773815089
3.6052402625906	0.521308631938132	-0.951997773815089
3.76184213957261	0.500700075585265	-0.951997773815089
3.92699081698724	0.493581739604847	-0.951997773815089
4.09213949440187	0.500700075585265	-0.951997773815089
4.24874137138388	0.521308631938132	-0.951997773815089
4.39063842598805	0.5529992101371	-0.951997773815089
4.51499342053481	0.590698166749789	-0.951997773815089
4.62172909318394	0.623876000478819	-0.951997773815089
4.71238898038469	0.636946703211213	-0.951997773815089
4.80304886758543	0.623876000478819	-0.951997773815089
4.90978454023457	0.590698166749788	-0.951997773815089
5.03413953478133	0.5529992101371	-0.951997773815089
5.1760365893855	0.521308631938132	-0.951997773815089
5.33263846636751	0.500700075585265	-0.951997773815089
5.49778714378214	0.493581739604847	-0.951997773815089
5.66293582119676	0.500700075585265	-0.951997773815089
5.81953769817878	0.521308631938132	-0.951997773815089
5.96143475278294	0.5529992101371	-0.951997773815089
6.0857897473297	0.590698166749788	-0.951997773815089
6.19252541997884	0.623876000478819	-0.951997773815089
6.28318530717959	0.636946703211213	-0.951997773815089
6.37384519438033	0.623876000478819	-0.951997773815089
6.48058086702947	0.590698166749789	-0.951997773815089
6.60493586157623	0.5529992101371	-0.951997773815089
6.74683291618039	0.521308631938132	-0.951997773815089
6.90343479316241	0.500700075585265	-0.951997773815089
7.06858347057703	0.493581739604847	-0.951997773815089
0.785398163397448	0.493572372405249	-0.85679799643358
0.950546840812075	0.500709293507994	-0.85679799643358
1.10714871779409	0.521375259252432	-0.85679799643358
1.24904577239825	0.553164986454717	-0.85679799643358
1.37340076694502	0.591001097994566	-0.85679799643358
1.48013643959415	0.624321923020487	-0.85679799643358
1.5707963267949	0.637456996640379	-0.85679799643358
1.66145621399564	0.624321923020487	-0.85679799643358
1.76819188664478	0.591001097994566	-0.85679799643358
1.89254688119154	0.553164986454717	-0.85679799643358
2.0344439357957	0.521375259252432	-0.85679799643358
2.19104581277772	0.500709293507994	-0.85679799643358
2.35619449019234	0.493572372405249	-0.85679799643358
2.52134316760697	0.500709293507994	-0.85679799643358
2.67794504458899	0.521375259252432	-0.85679799643358
2.81984209919315	0.553164986454717	-0.85679799643358
2.94419709373991	0.591001097994566	-0.85679799643358
3.05093276638905	0.624321923020487	-0.85679799643358
3.14159265358979	0.637456996640379	-0.85679799643358
3.23225254079054	0.624321923020487	-0.85679799643358
3.33898821343967	0.591001097994566	-0.85679799643358
3.46334320798644	0.553164986454717	-0.85679799643358
3.6052402625906	0.521375259252432	-0.85679799643358
3.76184213957261	0.500709293507994	-0.85679799643358
3.92699081698724	0.493572372405249	-0.85679799643358
4.09213949440187	0.500709293507994	-0.85679799643358
4.24874137138388	0.521375259252432	-0.85679799643358
4.39063842598805	0.553164986454717	-0.85679799643358
4.51499342053481	0.591001097994566	-0.85679799643358
4.62172909318394	0.624321923020486	-0.85679799643358
4.71238898038469	0.637456996640379	-0.85679799643358
4.80304886758543	0.624321923020487	-0.85679799643358
4.90978454023457	0.591001097994566	-0.85679799643358
5.03413953478133	0.553164986454717	-0.85679799643358
5.1760365893855	0.521375259252432	-0.85679799643358
5.33263846636751	0.500709293507994	-0.85679799643358
5.49778714378214	0.493572372405249	-0.85679799643358
5.66293582119676	0.500709293507994	-0.85679799643358
5.81953769817878	0.521375259252432	-0.85679799643358
5.96143475278294	0.553164986454717	-0.85679799643358
6.0857897473297	0.591001097994566	-0.85679799643358
6.19252541997884	0.624321923020487	-0.85679799643358
6.28318530717959	0.637456996640379	-0.85679799643358
6.37384519438033	0.624321923020487	-0.85679799643358
6.48058086702947	0.591001097994566	-0.85679799643358
6.60493586157623	0.553164986454717	-0.85679799643358
6.74683291618039	0.521375259252432	-0.85679799643358
6.90343479316241	0.500709293507994	-0.85679799643358
7.06858347057703	0.493572372405249	-0.85679799643358
0.785398163397448	0.493545187239472	-0.761598219052071
0.950546840812075	0.50073605095499	-0.761598219052071
1.10714871779409	0.521568764016574	-0.761598219052071
1.24904577239825	0.553646723234877	-0.761598219052071
1.37340076694502	0.591881613507284	-0.761598219052071
1.48013643959415	0.625617782647685	-0.761598219052071
1.5707963267949	0.638939646322335	-0.761598219052071
1.66145621399564	0.625617782647685	-0.761598219052071
1.76819188664478	0.591881613507284	-0.761598219052071
1.89254688119154	0.553646723234877	-0.761598219052071
2.0344439357957	0.521568764016575	-0.761598219052071
2.19104581277772	0.50073605095499	-0.761598219052071
2.35619449019234	0.493545187239472	-0.761598219052071
2.52134316760697	0.50073605095499	-0.761598219052071
2.67794504458899	0.521568764016574	-0.761598219052071
2.81984209919315	0.553646723234877	-0.761598219052071
2.94419709373991	0.591881613507284	-0.761598219052071
3.05093276638905	0.625617782647685	-0.761598219052071
3.14159265358979	0.638939646322335	-0.761598219052071
3.23225254079054	0.625617782647685	-0.761598219052071
3.33898821343967	0.591881613507284	-0.761598219052071
3.46334320798644	0.553646723234877	-0.761598219052071
3.6052402625906	0.521568764016575	-0.761598219052071
3.76184213957261	0.50073605095499	-0.761598219052071
3.92699081698724	0.493545187239472	-0.761598219052071
4.09213949440187	0.50073605095499	-0.761598219052071
4.24874137138388	0.521568764016574	-0.761598219052071
4.39063842598805	0.553646723234877	-0.761598219052071
4.51499342053481	0.591881613507284	-0.761598219052071
4.62172909318394	0.625617782647685	-0.761598219052071
4.71238898038469	0.638939646322335	-0.761598219052071
4.80304886758543	0.625617782647685	-0.761598219052071
4.90978454023457	0.591881613507284	-0.761598219052071
5.03413953478133	0.553646723234877	-0.761598219052071
5.1760365893855	0.521568764016574	-0.761598219052071
5.33263846636751	0.50073605095499	-0.761598219052071
5.49778714378214	0.493545187239472	-0.761598219052071
5.66293582119676	0.50073605095499	-0.761598219052071
5.81953769817878	0.521568764016574	-0.761598219052071
5.96143475278294	0.553646723234877	-0.761598219052071
6.0857897473297	0.591881613507284	-0.761598219052071
6.19252541997884	0.625617782647685	-0.761598219052071
6.28318530717959	0.638939646322335	-0.761598219052071
6.37384519438033	0.625617782647685	-0.761598219052071
6.48058086702947	0.591881613507284	-0.761598219052071
6.60493586157623	0.553646723234877	-0.761598219052071
6.74683291618039	0.521568764016575	-0.761598219052071
6.90343479316241	0.50073605095499	-0.761598219052071
7.06858347057703	0.493545187239472	-0.761598219052071
0.785398163397448	0.493502843887954	-0.666398441670562
0.950546840812075	0.50077774441567	-0.666398441670562
1.10714871779409	0.521870583312621	-0.666398441670562
1.24904577239825	0.554398916222286	-0.666398441670562
1.37340076694502	0.593257018166126	-0.666398441670562
1.48013643959415	0.627640880545734	-0.666398441670562
1.5707963267949	0.641253361647622	-0.666398441670562
1.66145621399564	0.627640880545734	-0.666398441670562
1.76819188664478	0.593257018166127	-0.666398441670562
1.89254688119154	0.554398916222286	-0.666398441670562
2.0344439357957	0.521870583312621	-0.666398441670562
2.19104581277772	0.50077774441567	-0.666398441670562
2.35619449019234	0.493502843887954	-0.666398441670562
2.52134316760697	0.50077774441567	-0.666398441670562
2.67794504458899	0.521870583312621	-0.666398441670562
2.81984209919315	0.554398916222286	-0.666398441670562
2.94419709373991	0.593257018166126	-0.666398441670562
3.05093276638905	0.627640880545734	-0.666398441670562
3.14159265358979	0.641253361647622	-0.666398441670562
3.23225254079054	0.627640880545734	-0.666398441670562
3.33898821343967	0.593257018166127	-0.666398441670562
3.46334320798644	0.554398916222286	-0.666398441670562
3.6052402625906	0.521870583312621	-0.666398441670562
3.76184213957261	0.50077774441567	-0.666398441670562
3.92699081698724	0.493502843887954	-0.666398441670562
4.09213949440187	0.50077774441567	-0.666398441670562
4.24874137138388	0.521870583312621	-0.666398441670562
4.39063842598805	0.554398916222286	-0.666398441670562
4.51499342053481	0.593257018166127	-0.666398441670562
4.62172909318394	0.627640880545734	-0.666398441670562
4.71238898038469	0.641253361647622	-0.666398441670562
4.80304886758543	0.627640880545734	-0.666398441670562
4.90978454023457	0.593257018166126	-0.666398441670562
5.03413953478133	0.554398916222286	-0.666398441670562
5.1760365893855	0.521870583312621	-0.666398441670562
5.33263846636751	0.50077774441567	-0.666398441670562
5.49778714378214	0.493502843887954	-0.666398441670562
5.66293582119676	0.50077774441567	-0.666398441670562
5.81953769817878	0.521870583312621	-0.666398441670562
5.96143475278294	0.554398916222285	-0.666398441670562
6.0857897473297	0.593257018166126	-0.666398441670562
6.19252541997884	0.627640880545734	-0.666398441670562
6.28318530717959	0.641253361647622	-0.666398441670562
6.37384519438033	0.627640880545734	-0.666398441670562
6.48058086702947	0.593257018166126	-0.666398441670562
6.60493586157623	0.554398916222286	-0.666398441670562
6.74683291618039	0.521870583312621	-0.666398441670562
6.90343479316241	0.50077774441567	-0.666398441670562
7.06858347057703	0.493502843887954	-0.666398441670562
0.785398163397448	0.493449485613797	-0.571198664289053
0.950546840812075	0.500830312053791	-0.571198664289053
1.10714871779409	0.522251640171228	-0.571198664289053
1.24904577239825	0.555349946920357	-0.571198664289053
1.37340076694502	0.594996726410132	-0.571198664289053
1.48013643959415	0.630197224697466	-0.571198664289053
1.5707963267949	0.644174660001005	-0.571198664289053
1.66145621399564	0.630197224697466	-0.571198664289053
1.76819188664478	0.594996726410132	-0.571198664289053
1.89254688119154	0.555349946920357	-0.571198664289053
2.0344439357957	0.522251640171228	-0.571198664289053
2.19104581277772	0.500830312053791	-0.571198664289053
2.35619449019234	0.493449485613797	-0.571198664289053
2.52134316760697	0.500830312053791	-0.571198664289053
2.67794504458899	0.522251640171228	-0.571198664289053
2.81984209919315	0.555349946920357	-0.571198664289053
2.94419709373991	0.594996726410132	-0.571198664289053
3.05093276638905	0.630197224697465	-0.571198664289053
3.14159265358979	0.644174660001005	-0.571198664289053
3.23225254079054	0.630197224697465	-0.571198664289053
3.33898821343967	0.594996726410132	-0.571198664289053
3.46334320798644	0.555349946920357	-0.571198664289053
3.6052402625906	0.522251640171228	-0.571198664289053
3.76184213957261	0.500830312053791	-0.571198664289053
3.92699081698724	0.493449485613797	-0.571198664289053
4.09213949440187	0.500830312053791	-0.571198664289053
4.24874137138388	0.522251640171228	-0.571198664289053
4.39063842598805	0.555349946920357	-0.571198664289053
4.51499342053481	0.594996726410132	-0.571198664289053
4.62172909318394	0.630197224697465	-0.571198664289053
4.71238898038469	0.644174660001005	-0.571198664289053
4.80304886758543	0.630197224697466	-0.571198664289053
4.90978454023457	0.594996726410132	-0.571198664289053
5.03413953478133	0.555349946920357	-0.571198664289053
5.1760365893855	0.522251640171228	-0.571198664289053
5.33263846636751	0.500830312053791	-0.571198664289053
5.49778714378214	0.493449485613797	-0.571198664289053
5.66293582119676	0.500830312053791	-0.571198664289053
5.81953769817878	0.522251640171228	-0.571198664289053
5.96143475278294	0.555349946920357	-0.571198664289053
6.0857897473297	0.594996726410132	-0.571198664289053
6.19252541997884	0.630197224697466	-0.571198664289053
6.28318530717959	0.644174660001005	-0.571198664289053
6.37384519438033	0.630197224697466	-0.571198664289053
6.48058086702947	0.594996726410132	-0.571198664289053
6.60493586157623	0.555349946920357	-0.571198664289053
6.74683291618039	0.522251640171228	-0.571198664289053
6.90343479316241	0.500830312053791	-0.571198664289053
7.06858347057703	0.493449485613797	-0.571198664289053
0.785398163397448	0.493390334201575	-0.475998886907544
0.950546840812075	0.500888623900547	-0.475998886907544
1.10714871779409	0.522675010791903	-0.475998886907544
1.24904577239825	0.556408304759141	-0.475998886907544
1.37340076694502	0.596933315095543	-0.475998886907544
1.48013643959415	0.633038246586779	-0.475998886907544
1.5707963267949	0.647417425224901	-0.475998886907544
1.66145621399564	0.633038246586779	-0.475998886907544
1.76819188664478	0.596933315095543	-0.475998886907544
1.89254688119154	0.556408304759141	-0.475998886907544
2.0344439357957	0.522675010791903	-0.475998886907544
2.19104581277772	0.500888623900547	-0.475998886907544
2.35619449019234	0.493390334201575	-0.475998886907544
2.52134316760697	0.500888623900547	-0.475998886907544
2.67794504458899	0.522675010791903	-0.475998886907544
2.81984209919315	0.556408304759141	-0.475998886907544
2.94419709373991	0.596933315095543	-0.475998886907544
3.05093276638905	0.633038246586779	-0.475998886907544
3.14159265358979	0.647417425224901	-0.475998886907544
3.23225254079054	0.633038246586779	-0.475998886907544
3.33898821343967	0.596933315095543	-0.475998886907544
3.46334320798644	0.556408304759141	-0.475998886907544
3.6052402625906	0.522675010791903	-0.475998886907544
3.76184213957261	0.500888623900547	-0.475998886907544
3.92699081698724	0.493390334201575	-0.475998886907544
4.09213949440187	0.500888623900547	-0.475998886907544
4.24874137138388	0.522675010791903	-0.475998886907544
4.39063842598805	0.556408304759141	-0.475998886907544
4.51499342053481	0.596933315095543	-0.475998886907544
4.62172909318394	0.633038246586779	-0.475998886907544
4.71238898038469	0.647417425224901	-0.475998886907544
4.80304886758543	0.633038246586779	-0.475998886907544
4.90978454023457	0.596933315095543	-0.475998886907544
5.03413953478133	0.556408304759141	-0.475998886907544
5.1760365893855	0.522675010791903	-0.475998886907544
5.33263846636751	0.500888623900547	-0.475998886907544
5.49778714378214	0.493390334201575	-0.475998886907544
5.66293582119676	0.500888623900547	-0.475998886907544
5.81953769817878	0.522675010791903	-0.475998886907544
5.96143475278294	0.55640830475914	-0.475998886907544
6.0857897473297	0.596933315095543	-0.475998886907544
6.19252541997884	0.633038246586779	-0.475998886907544
6.28318530717959	0.647417425224901	-0.475998886907544
6.37384519438033	0.633038246586779	-0.475998886907544
6.48058086702947	0.596933315095543	-0.475998886907544
6.60493586157623	0.556408304759141	-0.475998886907544
6.74683291618039	0.522675010791904	-0.475998886907544
6.90343479316241	0.500888623900547	-0.475998886907544
7.06858347057703	0.493390334201575	-0.475998886907544
0.785398163397448	0.493331179307471	-0.380799109526035
0.950546840812075	0.500946978006531	-0.380799109526035
1.10714871779409	0.523099395072251	-0.380799109526035
1.24904577239825	0.557470942171018	-0.380799109526035
1.37340076694502	0.598877833122614	-0.380799109526035
1.48013643959415	0.635884576484431	-0.380799109526035
1.5707963267949	0.650661110697281	-0.380799109526035
1.66145621399564	0.635884576484431	-0.380799109526035
1.76819188664478	0.598877833122614	-0.380799109526035
1.89254688119154	0.557470942171018	-0.380799109526035
2.0344439357957	0.523099395072251	-0.380799109526035
2.19104581277772	0.500946978006531	-0.380799109526035
2.35619449019234	0.493331179307471	-0.380799109526035
2.52134316760697	0.500946978006531	-0.380799109526035
2.67794504458899	0.523099395072251	-0.380799109526035
2.81984209919315	0.557470942171018	-0.380799109526035
2.94419709373991	0.598877833122614	-0.380799109526035
3.05093276638905	0.635884576484431	-0.380799109526035
3.14159265358979	0.650661110697281	-0.380799109526035
3.23225254079054	0.635884576484431	-0.380799109526035
3.33898821343967	0.598877833122614	-0.380799109526035
3.46334320798644	0.557470942171018	-0.380799109526035
3.6052402625906	0.523099395072251	-0.380799109526035
3.76184213957261	0.500946978006531	-0.380799109526035
3.92699081698724	0.493331179307471	-0.380799109526035
4.09213949440187	0.500946978006531	-0.380799109526035
4.24874137138388	0.523099395072251	-0.380799109526035
4.39063842598805	0.557470942171018	-0.380799109526035
4.51499342053481	0.598877833122614	-0.380799109526035
4.62172909318394	0.635884576484431	-0.380799109526035
4.71238898038469	0.650661110697281	-0.380799109526035
4.80304886758543	0.635884576484431	-0.380799109526035
4.90978454023457	0.598877833122613	-0.380799109526035
5.03413953478133	0.557470942171018	-0.380799109526035
5.1760365893855	0.523099395072251	-0.380799109526035
5.33263846636751	0.500946978006531	-0.380799109526035
5.49778714378214	0.493331179307471	-0.380799109526035
5.66293582119676	0.500946978006531	-0.380799109526035
5.81953769817878	0.523099395072251	-0.380799109526035
5.96143475278294	0.557470942171018	-0.380799109526035
6.0857897473297	0.598877833122613	-0.380799109526035
6.19252541997884	0.635884576484431	-0.380799109526035
6.28318530717959	0.650661110697281	-0.380799109526035
6.37384519438033	0.635884576484431	-0.380799109526035
6.48058086702947	0.598877833122613	-0.380799109526035
6.60493586157623	0.557470942171018	-0.380799109526035
6.74683291618039	0.523099395072251	-0.380799109526035
6.90343479316241	0.500946978006531	-0.380799109526035
7.06858347057703	0.493331179307471	-0.380799109526035
0.785398163397448	0.493277811917626	-0.285599332144527
0.950546840812075	0.500999656280703	-0.285599332144527
1.10714871779409	0.523483105657178	-0.285599332144527
1.24904577239825	0.558433174588821	-0.285599332144527
1.37340076694502	0.600638279433975	-0.285599332144527
1.48013643959415	0.638454746817582	-0.285599332144527
1.5707963267949	0.653584718714721	-0.285599332144527
1.66145621399564	0.638454746817582	-0.285599332144527
1.76819188664478	0.600638279433975	-0.285599332144527
1.89254688119154	0.558433174588821	-0.285599332144527
2.0344439357957	0.523483105657178	-0.285599332144527
2.19104581277772	0.500999656280703	-0.285599332144527
2.35619449019234	0.493277811917626	-0.285599332144527
2.52134316760697	0.500999656280703	-0.285599332144527
2.67794504458899	0.523483105657178	-0.285599332144527
2.81984209919315	0.558433174588821	-0.285599332144527
2.94419709373991	0.600638279433975	-0.285599332144527
3.05093276638905	0.638454746817582	-0.285599332144527
3.14159265358979	0.653584718714721	-0.285599332144527
3.23225254079054	0.638454746817582	-0.285599332144527
3.33898821343967	0.600638279433975	-0.285599332144527
3.46334320798644	0.558433174588821	-0.285599332144527
3.6052402625906	0.523483105657178	-0.285599332144527
3.76184213957261	0.500999656280703	-0.285599332144527
3.92699081698724	0.493277811917626	-0.285599332144527
4.09213949440187	0.500999656280703	-0.285599332144527
4.24874137138388	0.523483105657178	-0.285599332144527
4.39063842598805	0.558433174588821	-0.285599332144527
4.51499342053481	0.600638279433975	-0.285599332144527
4.62172909318394	0.638454746817581	-0.285599332144527
4.71238898038469	0.653584718714721	-0.285599332144527
4.80304886758543	0.638454746817582	-0.285599332144527
4.90978454023457	0.600638279433975	-0.285599332144527
5.03413953478133	0.558433174588821	-0.285599332144527
5.1760365893855	0.523483105657178	-0.285599332144527
5.33263846636751	0.500999656280703	-0.285599332144527
5.49778714378214	0.493277811917626	-0.285599332144527
5.66293582119676	0.500999656280703	-0.285599332144527
5.81953769817878	0.523483105657178	-0.285599332144527
5.96143475278294	0.558433174588821	-0.285599332144527
6.0857897473297	0.600638279433975	-0.285599332144527
6.19252541997884	0.638454746817582	-0.285599332144527
6.28318530717959	0.653584718714721	-0.285599332144527
6.37384519438033	0.638454746817582	-0.285599332144527
6.48058086702947	0.600638279433975	-0.285599332144527
6.60493586157623	0.558433174588821	-0.285599332144527
6.74683291618039	0.523483105657178	-0.285599332144527
6.90343479316241	0.500999656280703	-0.285599332144527
7.06858347057703	0.493277811917626	-0.285599332144527
0.785398163397448	0.493235457298495	-0.190399554763018
0.950546840812075	0.501041486494975	-0.190399554763018
1.10714871779409	0.523788205001048	-0.190399554763018
1.24904577239825	0.559199208968512	-0.190399554763018
1.37340076694502	0.602039275380765	-0.190399554763018
1.48013643959415	0.640494794711945	-0.190399554763018
1.5707963267949	0.655901091130279	-0.190399554763018
1.66145621399564	0.640494794711945	-0.190399554763018
1.76819188664478	0.602039275380765	-0.190399554763018
1.89254688119154	0.559199208968512	-0.190399554763018
2.0344439357957	0.523788205001048	-0.190399554763018
2.19104581277772	0.501041486494975	-0.190399554763018
2.35619449019234	0.493235457298495	-0.190399554763018
2.52134316760697	0.501041486494975	-0.190399554763018
2.67794504458899	0.523788205001048	-0.190399554763018
2.81984209919315	0.559199208968512	-0.190399554763018
2.94419709373991	0.602039275380765	-0.190399554763018
3.05093276638905	0.640494794711945	-0.190399554763018
3.14159265358979	0.655901091130279	-0.190399554763018
3.23225254079054	0.640494794711945	-0.190399554763018
3.33898821343967	0.602039275380765	-0.190399554763018
3.46334320798644	0.559199208968512	-0.190399554763018
3.6052402625906	0.523788205001048	-0.190399554763018
3.76184213957261	0.501041486494975	-0.190399554763018
3.92699081698724	0.493235457298495	-0.190399554763018
4.09213949440187	0.501041486494975	-0.190399554763018
4.24874137138388	0.523788205001048	-0.190399554763018
4.39063842598805	0.559199208968512	-0.190399554763018
4.51499342053481	0.602039275380765	-0.190399554763018
4.62172909318394	0.640494794711945	-0.190399554763018
4.71238898038469	0.655901091130279	-0.190399554763018
4.80304886758543	0.640494794711945	-0.190399554763018
4.90978454023457	0.602039275380765	-0.190399554763018
5.03413953478133	0.559199208968512	-0.190399554763018
5.1760365893855	0.523788205001048	-0.190399554763018
5.33263846636751	0.501041486494975	-0.190399554763018
5.49778714378214	0.493235457298495	-0.190399554763018
5.66293582119676	0.501041486494975	-0.190399554763018
5.81953769817878	0.523788205001048	-0.190399554763018
5.96143475278294	0.559199208968512	-0.190399554763018
6.0857897473297	0.602039275380764	-0.190399554763018
6.19252541997884	0.640494794711945	-0.190399554763018
6.28318530717959	0.655901091130279	-0.190399554763018
6.37384519438033	0.640494794711945	-0.190399554763018
6.48058086702947	0.602039275380765	-0.190399554763018
6.60493586157623	0.559199208968512	-0.190399554763018
6.74683291618039	0.523788205001048	-0.190399554763018
6.90343479316241	0.501041486494975	-0.190399554763018
7.06858347057703	0.493235457298495	-0.190399554763018
0.785398163397448	0.493208263017029	-0.0951997773815089
0.950546840812075	0.501068354577883	-0.0951997773815089
1.10714871779409	0.523984363267737	-0.0951997773815089
1.24904577239825	0.559692139873501	-0.0951997773815089
1.37340076694502	0.602940460463938	-0.0951997773815089
1.48013643959415	0.641804254450399	-0.0951997773815089
1.5707963267949	0.657385731744149	-0.0951997773815089
1.66145621399564	0.641804254450399	-0.0951997773815089
1.76819188664478	0.602940460463938	-0.0951997773815089
1.89254688119154	0.559692139873501	-0.0951997773815089
2.0344439357957	0.523984363267737	-0.0951997773815089
2.19104581277772	0.501068354577883	-0.0951997773815089
2.35619449019234	0.493208263017029	-0.0951997773815089
2.52134316760697	0.501068354577883	-0.0951997773815089
2.67794504458899	0.523984363267737	-0.0951997773815089
2.81984209919315	0.559692139873501	-0.0951997773815089
2.94419709373991	0.602940460463938	-0.0951997773815089
3.05093276638905	0.641804254450399	-0.0951997773815089
3.14159265358979	0.657385731744149	-0.0951997773815089
3.23225254079054	0.641804254450399	-0.0951997773815089
3.33898821343967	0.602940460463938	-0.0951997773815089
3.46334320798644	0.559692139873501	-0.0951997773815089
3.6052402625906	0.523984363267737	-0.0951997773815089
3.76184213957261	0.501068354577883	-0.0951997773815089
3.92699081698724	0.493208263017029	-0.0951997773815089
4.09213949440187	0.501068354577883	-0.0951997773815089
4.24874137138388	0.523984363267737	-0.0951997773815089
4.39063842598805	0.559692139873501	-0.0951997773815089
4.51499342053481	0.602940460463938	-0.0951997773815089
4.62172909318394	0.641804254450399	-0.0951997773815089
4.71238898038469	0.657385731744149	-0.0951997773815089
4.80304886758543	0.641804254450399	-0.0951997773815089
4.90978454023457	0.602940460463938	-0.0951997773815089
5.03413953478133	0.559692139873501	-0.0951997773815089
5.1760365893855	0.523984363267737	-0.0951997773815089
5.33263846636751	0.501068354577883	-0.0951997773815089
5.49778714378214	0.493208263017029	-0.0951997773815089
5.66293582119676	0.501068354577883	-0.0951997773815089
5.81953769817878	0.523984363267737	-0.0951997773815089
5.96143475278294	0.559692139873501	-0.0951997773815089
6.0857897473297	0.602940460463937	-0.0951997773815089
6.19252541997884	0.641804254450399	-0.0951997773815089
6.28318530717959	0.657385731744149	-0.0951997773815089
6.37384519438033	0.641804254450399	-0.0951997773815089
6.48058086702947	0.602940460463938	-0.0951997773815089
6.60493586157623	0.559692139873501	-0.0951997773815089
6.74683291618039	0.523984363267737	-0.0951997773815089
6.90343479316241	0.501068354577883	-0.0951997773815089
7.06858347057703	0.493208263017029	-0.0951997773815089
0.785398163397448	0.493198892335546	0
0.950546840812075	0.501077614759753	0
1.10714871779409	0.524052004103408	0
1.24904577239825	0.559862191070303	0
1.37340076694502	0.603251278716918	0
1.48013643959415	0.642255345280091	0
1.5707963267949	0.657896748430546	0
1.66145621399564	0.642255345280091	0
1.76819188664478	0.603251278716918	0
1.89254688119154	0.559862191070303	0
2.0344439357957	0.524052004103408	0
2.19104581277772	0.501077614759753	0
2.35619449019234	0.493198892335546	0
2.52134316760697	0.501077614759753	0
2.67794504458899	0.524052004103408	0
2.81984209919315	0.559862191070303	0
2.94419709373991	0.603251278716918	0
3.05093276638905	0.642255345280091	0
3.14159265358979	0.657896748430546	0
3.23225254079054	0.642255345280091	0
3.33898821343967	0.603251278716918	0
3.46334320798644	0.559862191070303	0
3.6052402625906	0.524052004103408	0
3.76184213957261	0.501077614759753	0
3.92699081698724	0.493198892335546	0
4.09213949440187	0.501077614759753	0
4.24874137138388	0.524052004103408	0
4.39063842598805	0.559862191070303	0
4.51499342053481	0.603251278716918	0
4.62172909318394	0.642255345280091	0
4.71238898038469	0.657896748430546	0
4.80304886758543	0.642255345280091	0
4.90978454023457	0.603251278716918	0
5.03413953478133	0.559862191070303	0
5.1760365893855	0.524052004103408	0
5.33263846636751	0.501077614759753	0
5.49778714378214	0.493198892335546	0
5.66293582119676	0.501077614759753	0
5.81953769817878	0.524052004103408	0
5.96143475278294	0.559862191070303	0
6.0857897473297	0.603251278716918	0
6.19252541997884	0.642255345280091	0
6.28318530717959	0.657896748430546	0
6.37384519438033	0.642255345280091	0
6.48058086702947	0.603251278716918	0
6.60493586157623	0.559862191070303	0
6.74683291618039	0.524052004103408	0
6.90343479316241	0.501077614759753	0
7.06858347057703	0.493198892335546	0
0.785398163397448	0.493208263017029	0.095199777381509
0.950546840812075	0.501068354577883	0.095199777381509
1.10714871779409	0.523984363267737	0.095199777381509
1.24904577239825	0.559692139873501	0.095199777381509
1.37340076694502	0.602940460463938	0.095199777381509
1.48013643959415	0.641804254450399	0.095199777381509
1.5707963267949	0.657385731744149	0.095199777381509
1.66145621399564	0.641804254450399	0.095199777381509
1.76819188664478	0.602940460463938	0.095199777381509
1.89254688119154	0.559692139873501	0.095199777381509
2.0344439357957	0.523984363267737	0.095199777381509
2.19104581277772	0.501068354577883	0.095199777381509
2.35619449019234	0.493208263017029	0.095199777381509
2.52134316760697	0.501068354577883	0.095199777381509
2.67794504458899	0.523984363267737	0.095199777381509
2.81984209919315	0.559692139873501	0.095199777381509
2.94419709373991	0.602940460463938	0.095199777381509
3.05093276638905	0.641804254450399	0.095199777381509
3.14159265358979	0.657385731744149	0.095199777381509
3.23225254079054	0.641804254450399	0.095199777381509
3.33898821343967	0.602940460463938	0.095199777381509
3.46334320798644	0.559692139873501	0.095199777381509
3.6052402625906	0.523984363267737	0.095199777381509
3.76184213957261	0.501068354577883	0.095199777381509
3.92699081698724	0.493208263017029	0.095199777381509
4.09213949440187	0.501068354577883	0.095199777381509
4.24874137138388	0.523984363267737	0.095199777381509
4.39063842598805	0.559692139873501	0.095199777381509
4.51499342053481	0.602940460463938	0.095199777381509
4.62172909318394	0.641804254450399	0.095199777381509
4.71238898038469	0.657385731744149	0.095199777381509
4.80304886758543	0.641804254450399	0.095199777381509
4.90978454023457	0.602940460463938	0.095199777381509
5.03413953478133	0.559692139873501	0.095199777381509
5.1760365893855	0.523984363267737	0.095199777381509
5.33263846636751	0.501068354577883	0.095199777381509
5.49778714378214	0.493208263017029	0.095199777381509
5.66293582119676	0.501068354577883	0.095199777381509
5.81953769817878	0.523984363267737	0.095199777381509
5.96143475278294	0.559692139873501	0.095199777381509
6.0857897473297	0.602940460463937	0.095199777381509
6.19252541997884	0.641804254450399	0.095199777381509
6.28318530717959	0.657385731744149	0.095199777381509
6.37384519438033	0.641804254450399	0.095199777381509
6.48058086702947	0.602940460463938	0.095199777381509
6.60493586157623	0.559692139873501	0.095199777381509
6.74683291618039	0.523984363267737	0.095199777381509
6.90343479316241	0.501068354577883	0.095199777381509
7.06858347057703	0.493208263017029	0.095199777381509
0.785398163397448	0.493235457298495	0.190399554763018
0.950546840812075	0.501041486494975	0.190399554763018
1.10714871779409	0.523788205001048	0.190399554763018
1.24904577239825	0.559199208968512	0.190399554763018
1.37340076694502	0.602039275380765	0.190399554763018
1.48013643959415	0.640494794711945	0.190399554763018
1.5707963267949	0.65590109113028	0.190399554763018
1.66145621399564	0.640494794711945	0.190399554763018
1.76819188664478	0.602039275380765	0.190399554763018
1.89254688119154	0.559199208968512	0.190399554763018
2.0344439357957	0.523788205001048	0.190399554763018
2.19104581277772	0.501041486494975	0.190399554763018
2.35619449019234	0.493235457298495	0.190399554763018
2.52134316760697	0.501041486494975	0.190399554763018
2.67794504458899	0.523788205001048	0.190399554763018
2.81984209919315	0.559199208968512	0.190399554763018
2.94419709373991	0.602039275380765	0.190399554763018
3.05093276638905	0.640494794711945	0.190399554763018
3.14159265358979	0.65590109113028	0.190399554763018
3.23225254079054	0.640494794711945	0.190399554763018
3.33898821343967	0.602039275380765	0.190399554763018
3.46334320798644	0.559199208968512	0.190399554763018
3.6052402625906	0.523788205001048	0.190399554763018
3.76184213957261	0.501041486494975	0.190399554763018
3.92699081698724	0.493235457298495	0.190399554763018
4.09213949440187	0.501041486494975	0.190399554763018
4.24874137138388	0.523788205001048	0.190399554763018
4.39063842598805	0.559199208968512	0.190399554763018
4.51499342053481	0.602039275380765	0.190399554763018
4.62172909318394	0.640494794711945	0.190399554763018
4.71238898038469	0.655901091130279	0.190399554763018
4.80304886758543	0.640494794711945	0.190399554763018
4.90978454023457	0.602039275380765	0.190399554763018
5.03413953478133	0.559199208968512	0.190399554763018
5.1760365893855	0.523788205001048	0.190399554763018
5.33263846636751	0.501041486494975	0.190399554763018
5.49778714378214	0.493235457298495	0.190399554763018
5.66293582119676	0.501041486494975	0.190399554763018
5.81953769817878	0.523788205001048	0.190399554763018
5.96143475278294	0.559199208968512	0.190399554763018
6.0857897473297	0.602039275380764	0.190399554763018
6.19252541997884	0.640494794711945	0.190399554763018
6.28318530717959	0.655901091130279	0.190399554763018
6.37384519438033	0.640494794711945	0.190399554763018
6.48058086702947	0.602039275380765	0.190399554763018
6.60493586157623	0.559199208968512	0.190399554763018
6.74683291618039	0.523788205001048	0.190399554763018
6.90343479316241	0.501041486494975	0.190399554763018
7.06858347057703	0.493235457298495	0.190399554763018
0.785398163397448	0.493277811917626	0.285599332144527
0.950546840812075	0.500999656280703	0.285599332144527
1.10714871779409	0.523483105657178	0.285599332144527
1.24904577239825	0.558433174588821	0.285599332144527
1.37340076694502	0.600638279433975	0.285599332144527
1.48013643959415	0.638454746817582	0.285599332144527
1.5707963267949	0.653584718714721	0.285599332144527
1.66145621399564	0.638454746817582	0.285599332144527
1.76819188664478	0.600638279433975	0.285599332144527
1.89254688119154	0.558433174588821	0.285599332144527
2.0344439357957	0.523483105657178	0.285599332144527
2.19104581277772	0.500999656280703	0.285599332144527
2.35619449019234	0.493277811917626	0.285599332144527
2.52134316760697	0.500999656280703	0.285599332144527
2.67794504458899	0.523483105657178	0.285599332144527
2.81984209919315	0.558433174588821	0.285599332144527
2.94419709373991	0.600638279433975	0.285599332144527
3.05093276638905	0.638454746817582	0.285599332144527
3.14159265358979	0.653584718714721	0.285599332144527
3.23225254079054	0.638454746817582	0.285599332144527
3.33898821343967	0.600638279433975	0.285599332144527
3.46334320798644	0.558433174588821	0.285599332144527
3.6052402625906	0.523483105657178	0.285599332144527
3.76184213957261	0.500999656280703	0.285599332144527
3.92699081698724	0.493277811917626	0.285599332144527
4.09213949440187	0.500999656280703	0.285599332144527
4.24874137138388	0.523483105657178	0.285599332144527
4.39063842598805	0.558433174588821	0.285599332144527
4.51499342053481	0.600638279433975	0.285599332144527
4.62172909318394	0.638454746817581	0.285599332144527
4.71238898038469	0.653584718714721	0.285599332144527
4.80304886758543	0.638454746817582	0.285599332144527
4.90978454023457	0.600638279433975	0.285599332144527
5.03413953478133	0.558433174588821	0.285599332144527
5.1760365893855	0.523483105657178	0.285599332144527
5.33263846636751	0.500999656280703	0.285599332144527
5.49778714378214	0.493277811917626	0.285599332144527
5.66293582119676	0.500999656280703	0.285599332144527
5.81953769817878	0.523483105657178	0.285599332144527
5.96143475278294	0.558433174588821	0.285599332144527
6.0857897473297	0.600638279433975	0.285599332144527
6.19252541997884	0.638454746817582	0.285599332144527
6.28318530717959	0.653584718714721	0.285599332144527
6.37384519438033	0.638454746817582	0.285599332144527
6.48058086702947	0.600638279433975	0.285599332144527
6.60493586157623	0.558433174588821	0.285599332144527
6.74683291618039	0.523483105657178	0.285599332144527
6.90343479316241	0.500999656280703	0.285599332144527
7.06858347057703	0.493277811917626	0.285599332144527
0.785398163397448	0.493331179307471	0.380799109526036
0.950546840812075	0.500946978006531	0.380799109526036
1.10714871779409	0.523099395072251	0.380799109526036
1.24904577239825	0.557470942171018	0.380799109526036
1.37340076694502	0.598877833122614	0.380799109526036
1.48013643959415	0.635884576484431	0.380799109526036
1.5707963267949	0.650661110697281	0.380799109526036
1.66145621399564	0.635884576484431	0.380799109526036
1.76819188664478	0.598877833122614	0.380799109526036
1.89254688119154	0.557470942171018	0.380799109526036
2.0344439357957	0.523099395072251	0.380799109526036
2.19104581277772	0.500946978006531	0.380799109526036
2.35619449019234	0.493331179307471	0.380799109526036
2.52134316760697	0.500946978006531	0.380799109526036
2.67794504458899	0.523099395072251	0.380799109526036
2.81984209919315	0.557470942171018	0.380799109526036
2.94419709373991	0.598877833122614	0.380799109526036
3.05093276638905	0.635884576484431	0.380799109526036
3.14159265358979	0.650661110697281	0.380799109526036
3.23225254079054	0.635884576484431	0.380799109526036
3.33898821343967	0.598877833122614	0.380799109526036
3.46334320798644	0.557470942171018	0.380799109526036
3.6052402625906	0.523099395072251	0.380799109526036
3.76184213957261	0.500946978006531	0.380799109526036
3.92699081698724	0.493331179307471	0.380799109526036
4.09213949440187	0.500946978006531	0.380799109526036
4.24874137138388	0.523099395072251	0.380799109526036
4.39063842598805	0.557470942171018	0.380799109526036
4.51499342053481	0.598877833122614	0.380799109526036
4.62172909318394	0.635884576484431	0.380799109526036
4.71238898038469	0.650661110697281	0.380799109526036
4.80304886758543	0.635884576484431	0.380799109526036
4.90978454023457	0.598877833122613	0.380799109526036
5.03413953478133	0.557470942171018	0.380799109526036
5.1760365893855	0.523099395072251	0.380799109526036
5.33263846636751	0.500946978006531	0.380799109526036
5.49778714378214	0.493331179307471	0.380799109526036
5.66293582119676	0.500946978006531	0.380799109526036
5.81953769817878	0.523099395072251	0.380799109526036
5.96143475278294	0.557470942171018	0.380799109526036
6.0857897473297	0.598877833122613	0.380799109526036
6.19252541997884	0.635884576484431	0.380799109526036
6.28318530717959	0.650661110697281	0.380799109526036
6.37384519438033	0.635884576484431	0.380799109526036
6.48058086702947	0.598877833122613	0.380799109526036
6.60493586157623	0.557470942171018	0.380799109526036
6.74683291618039	0.523099395072251	0.380799109526036
6.90343479316241	0.500946978006531	0.380799109526036
7.06858347057703	0.493331179307471	0.380799109526036
0.785398163397448	0.493390334201575	0.475998886907544
0.950546840812075	0.500888623900547	0.475998886907544
1.10714871779409	0.522675010791903	0.475998886907544
1.24904577239825	0.556408304759141	0.475998886907544
1.37340076694502	0.596933315095543	0.475998886907544
1.48013643959415	0.633038246586779	0.475998886907544
1.5707963267949	0.647417425224901	0.475998886907544
1.66145621399564	0.633038246586779	0.475998886907544
1.76819188664478	0.596933315095543	0.475998886907544
1.89254688119154	0.556408304759141	0.475998886907544
2.0344439357957	0.522675010791903	0.475998886907544
2.19104581277772	0.500888623900547	0.475998886907544
2.35619449019234	0.493390334201575	0.475998886907544
2.52134316760697	0.500888623900547	0.475998886907544
2.67794504458899	0.522675010791903	0.475998886907544
2.81984209919315	0.556408304759141	0.475998886907544
2.94419709373991	0.596933315095543	0.475998886907544
3.05093276638905	0.633038246586779	0.475998886907544
3.14159265358979	0.647417425224901	0.475998886907544
3.23225254079054	0.633038246586779	0.475998886907544
3.33898821343967	0.596933315095543	0.475998886907544
3.46334320798644	0.556408304759141	0.475998886907544
3.6052402625906	0.522675010791903	0.475998886907544
3.76184213957261	0.500888623900547	0.475998886907544
3.92699081698724	0.493390334201575	0.475998886907544
4.09213949440187	0.500888623900547	0.475998886907544
4.24874137138388	0.522675010791903	0.475998886907544
4.39063842598805	0.556408304759141	0.475998886907544
4.51499342053481	0.596933315095543	0.475998886907544
4.62172909318394	0.633038246586779	0.475998886907544
4.71238898038469	0.647417425224901	0.475998886907544
4.80304886758543	0.633038246586779	0.475998886907544
4.90978454023457	0.596933315095543	0.475998886907544
5.03413953478133	0.556408304759141	0.475998886907544
5.1760365893855	0.522675010791904	0.475998886907544
5.33263846636751	0.500888623900547	0.475998886907544
5.49778714378214	0.493390334201575	0.475998886907544
5.66293582119676	0.500888623900547	0.475998886907544
5.81953769817878	0.522675010791903	0.475998886907544
5.96143475278294	0.55640830475914	0.475998886907544
6.0857897473297	0.596933315095543	0.475998886907544
6.19252541997884	0.633038246586779	0.475998886907544
6.28318530717959	0.647417425224901	0.475998886907544
6.37384519438033	0.633038246586779	0.475998886907544
6.48058086702947	0.596933315095543	0.475998886907544
6.60493586157623	0.556408304759141	0.475998886907544
6.74683291618039	0.522675010791904	0.475998886907544
6.90343479316241	0.500888623900547	0.475998886907544
7.06858347057703	0.493390334201575	0.475998886907544
0.785398163397448	0.493449485613797	0.571198664289053
0.950546840812075	0.500830312053791	0.571198664289053
1.10714871779409	0.522251640171228	0.571198664289053
1.24904577239825	0.555349946920357	0.571198664289053
1.37340076694502	0.594996726410132	0.571198664289053
1.48013643959415	0.630197224697466	0.571198664289053
1.5707963267949	0.644174660001005	0.571198664289053
1.66145621399564	0.630197224697466	0.571198664289053
1.76819188664478	0.594996726410132	0.571198664289053
1.89254688119154	0.555349946920357	0.571198664289053
2.0344439357957	0.522251640171228	0.571198664289053
2.19104581277772	0.500830312053791	0.571198664289053
2.35619449019234	0.493449485613797	0.571198664289053
2.52134316760697	0.500830312053791	0.571198664289053
2.67794504458899	0.522251640171228	0.571198664289053
2.81984209919315	0.555349946920357	0.571198664289053
2.94419709373991	0.594996726410132	0.571198664289053
3.05093276638905	0.630197224697465	0.571198664289053
3.14159265358979	0.644174660001005	0.571198664289053
3.23225254079054	0.630197224697465	0.571198664289053
3.33898821343967	0.594996726410132	0.571198664289053
3.46334320798644	0.555349946920357	0.571198664289053
3.6052402625906	0.522251640171228	0.571198664289053
3.76184213957261	0.500830312053791	0.571198664289053
3.92699081698724	0.493449485613797	0.571198664289053
4.09213949440187	0.500830312053791	0.571198664289053
4.24874137138388	0.522251640171228	0.571198664289053
4.39063842598805	0.555349946920357	0.571198664289053
4.51499342053481	0.594996726410132	0.571198664289053
4.62172909318394	0.630197224697465	0.571198664289053
4.71238898038469	0.644174660001005	0.571198664289053
4.80304886758543	0.630197224697466	0.571198664289053
4.90978454023457	0.594996726410132	0.571198664289053
5.03413953478133	0.555349946920357	0.571198664289053
5.1760365893855	0.522251640171228	0.571198664289053
5.33263846636751	0.500830312053791	0.571198664289053
5.49778714378214	0.493449485613797	0.571198664289053
5.66293582119676	0.500830312053791	0.571198664289053
5.81953769817878	0.522251640171228	0.571198664289053
5.96143475278294	0.555349946920357	0.571198664289053
6.0857897473297	0.594996726410132	0.571198664289053
6.19252541997884	0.630197224697466	0.571198664289053
6.28318530717959	0.644174660001005	0.571198664289053
6.37384519438033	0.630197224697466	0.571198664289053
6.48058086702947	0.594996726410132	0.571198664289053
6.60493586157623	0.555349946920357	0.571198664289053
6.74683291618039	0.522251640171228	0.571198664289053
6.90343479316241	0.500830312053791	0.571198664289053
7.06858347057703	0.493449485613797	0.571198664289053
0.785398163397448	0.493502843887954	0.666398441670562
0.950546840812075	0.50077774441567	0.666398441670562
1.10714871779409	0.521870583312621	0.666398441670562
1.24904577239825	0.554398916222286	0.666398441670562
1.37340076694502	0.593257018166126	0.666398441670562
1.48013643959415	0.627640880545734	0.666398441670562
1.5707963267949	0.641253361647622	0.666398441670562
1.66145621399564	0.627640880545734	0.666398441670562
1.76819188664478	0.593257018166127	0.666398441670562
1.89254688119154	0.554398916222286	0.666398441670562
2.0344439357957	0.521870583312621	0.666398441670562
2.19104581277772	0.50077774441567	0.666398441670562
2.35619449019234	0.493502843887954	0.666398441670562
2.52134316760697	0.50077774441567	0.666398441670562
2.67794504458899	0.521870583312621	0.666398441670562
2.81984209919315	0.554398916222286	0.666398441670562
2.94419709373991	0.593257018166126	0.666398441670562
3.05093276638905	0.627640880545734	0.666398441670562
3.14159265358979	0.641253361647622	0.666398441670562
3.23225254079054	0.627640880545734	0.666398441670562
3.33898821343967	0.593257018166127	0.666398441670562
3.46334320798644	0.554398916222286	0.666398441670562
3.6052402625906	0.521870583312621	0.666398441670562
3.76184213957261	0.50077774441567	0.666398441670562
3.92699081698724	0.493502843887954	0.666398441670562
4.09213949440187	0.50077774441567	0.666398441670562
4.24874137138388	0.521870583312621	0.666398441670562
4.39063842598805	0.554398916222286	0.666398441670562
4.51499342053481	0.593257018166127	0.666398441670562
4.62172909318394	0.627640880545734	0.666398441670562
4.71238898038469	0.641253361647622	0.666398441670562
4.80304886758543	0.627640880545734	0.666398441670562
4.90978454023457	0.593257018166126	0.666398441670562
5.03413953478133	0.554398916222286	0.666398441670562
5.1760365893855	0.521870583312621	0.666398441670562
5.33263846636751	0.50077774441567	0.666398441670562
5.49778714378214	0.493502843887954	0.666398441670562
5.66293582119676	0.50077774441567	0.666398441670562
5.81953769817878	0.521870583312621	0.666398441670562
5.96143475278294	0.554398916222285	0.666398441670562
6.0857897473297	0.593257018166126	0.666398441670562
6.19252541997884	0.627640880545734	0.666398441670562
6.28318530717959	0.641253361647622	0.666398441670562
6.37384519438033	0.627640880545734	0.666398441670562
6.48058086702947	0.593257018166126	0.666398441670562
6.60493586157623	0.554398916222286	0.666398441670562
6.74683291618039	0.521870583312621	0.666398441670562
6.90343479316241	0.50077774441567	0.666398441670562
7.06858347057703	0.493502843887954	0.666398441670562
0.785398163397448	0.493545187239472	0.761598219052071
0.950546840812075	0.50073605095499	0.761598219052071
1.10714871779409	0.521568764016574	0.761598219052071
1.24904577239825	0.553646723234877	0.761598219052071
1.37340076694502	0.591881613507284	0.761598219052071
1.48013643959415	0.625617782647685	0.761598219052071
1.5707963267949	0.638939646322335	0.761598219052071
1.66145621399564	0.625617782647685	0.761598219052071
1.76819188664478	0.591881613507284	0.761598219052071
1.89254688119154	0.553646723234877	0.761598219052071
2.0344439357957	0.521568764016575	0.761598219052071
2.19104581277772	0.50073605095499	0.761598219052071
2.35619449019234	0.493545187239472	0.761598219052071
2.52134316760697	0.50073605095499	0.761598219052071
2.67794504458899	0.521568764016574	0.761598219052071
2.81984209919315	0.553646723234877	0.761598219052071
2.94419709373991	0.591881613507284	0.761598219052071
3.05093276638905	0.625617782647685	0.761598219052071
3.14159265358979	0.638939646322335	0.761598219052071
3.23225254079054	0.625617782647685	0.761598219052071
3.33898821343967	0.591881613507284	0.761598219052071
3.46334320798644	0.553646723234877	0.761598219052071
3.6052402625906	0.521568764016575	0.761598219052071
3.76184213957261	0.50073605095499	0.761598219052071
3.92699081698724	0.493545187239472	0.761598219052071
4.09213949440187	0.50073605095499	0.761598219052071
4.24874137138388	0.521568764016574	0.761598219052071
4.39063842598805	0.553646723234877	0.761598219052071
4.51499342053481	0.591881613507284	0.761598219052071
4.62172909318394	0.625617782647685	0.761598219052071
4.71238898038469	0.638939646322335	0.761598219052071
4.80304886758543	0.625617782647685	0.761598219052071
4.90978454023457	0.591881613507284	0.761598219052071
5.03413953478133	0.553646723234877	0.761598219052071
5.1760365893855	0.521568764016574	0.761598219052071
5.33263846636751	0.50073605095499	0.761598219052071
5.49778714378214	0.493545187239472	0.761598219052071
5.66293582119676	0.50073605095499	0.761598219052071
5.81953769817878	0.521568764016574	0.761598219052071
5.96143475278294	0.553646723234877	0.761598219052071
6.0857897473297	0.591881613507284	0.761598219052071
6.19252541997884	0.625617782647685	0.761598219052071
6.28318530717959	0.638939646322335	0.761598219052071
6.37384519438033	0.625617782647685	0.761598219052071
6.48058086702947	0.591881613507284	0.761598219052071
6.60493586157623	0.553646723234877	0.761598219052071
6.74683291618039	0.521568764016575	0.761598219052071
6.90343479316241	0.50073605095499	0.761598219052071
7.06858347057703	0.493545187239472	0.761598219052071
0.785398163397448	0.493572372405249	0.85679799643358
0.950546840812075	0.500709293507994	0.85679799643358
1.10714871779409	0.521375259252432	0.85679799643358
1.24904577239825	0.553164986454717	0.85679799643358
1.37340076694502	0.591001097994566	0.85679799643358
1.48013643959415	0.624321923020487	0.85679799643358
1.5707963267949	0.637456996640379	0.85679799643358
1.66145621399564	0.624321923020487	0.85679799643358
1.76819188664478	0.591001097994566	0.85679799643358
1.89254688119154	0.553164986454717	0.85679799643358
2.0344439357957	0.521375259252432	0.85679799643358
2.19104581277772	0.500709293507994	0.85679799643358
2.35619449019234	0.493572372405249	0.85679799643358
2.52134316760697	0.500709293507994	0.85679799643358
2.67794504458899	0.521375259252432	0.85679799643358
2.81984209919315	0.553164986454717	0.85679799643358
2.94419709373991	0.591001097994566	0.85679799643358
3.05093276638905	0.624321923020487	0.85679799643358
3.14159265358979	0.637456996640379	0.85679799643358
3.23225254079054	0.624321923020487	0.85679799643358
3.33898821343967	0.591001097994566	0.85679799643358
3.46334320798644	0.553164986454717	0.85679799643358
3.6052402625906	0.521375259252432	0.85679799643358
3.76184213957261	0.500709293507994	0.85679799643358
3.92699081698724	0.493572372405249	0.85679799643358
4.09213949440187	0.500709293507994	0.85679799643358
4.24874137138388	0.521375259252432	0.85679799643358
4.39063842598805	0.553164986454717	0.85679799643358
4.51499342053481	0.591001097994566	0.85679799643358
4.62172909318394	0.624321923020486	0.85679799643358
4.71238898038469	0.637456996640379	0.85679799643358
4.80304886758543	0.624321923020487	0.85679799643358
4.90978454023457	0.591001097994566	0.85679799643358
5.03413953478133	0.553164986454717	0.85679799643358
5.1760365893855	0.521375259252432	0.85679799643358
5.33263846636751	0.500709293507994	0.85679799643358
5.49778714378214	0.493572372405249	0.85679799643358
5.66293582119676	0.500709293507994	0.85679799643358
5.81953769817878	0.521375259252432	0.85679799643358
5.96143475278294	0.553164986454717	0.85679799643358
6.0857897473297	0.591001097994566	0.85679799643358
6.19252541997884	0.624321923020487	0.85679799643358
6.28318530717959	0.637456996640379	0.85679799643358
6.37384519438033	0.624321923020487	0.85679799643358
6.48058086702947	0.591001097994566	0.85679799643358
6.60493586157623	0.553164986454717	0.85679799643358
6.74683291618039	0.521375259252432	0.85679799643358
6.90343479316241	0.500709293507994	0.85679799643358
7.06858347057703	0.493572372405249	0.85679799643358
0.785398163397448	0.493581739604847	0.951997773815089
0.950546840812075	0.500700075585265	0.951997773815089
1.10714871779409	0.521308631938132	0.951997773815089
1.24904577239825	0.5529992101371	0.951997773815089
1.37340076694502	0.590698166749789	0.951997773815089
1.48013643959415	0.623876000478819	0.951997773815089
1.5707963267949	0.636946703211213	0.951997773815089
1.66145621399564	0.623876000478819	0.951997773815089
1.76819188664478	0.590698166749789	0.951997773815089
1.89254688119154	0.5529992101371	0.951997773815089
2.0344439357957	0.521308631938132	0.951997773815089
2.19104581277772	0.500700075585265	0.951997773815089
2.35619449019234	0.493581739604847	0.951997773815089
2.52134316760697	0.500700075585265	0.951997773815089
2.67794504458899	0.521308631938132	0.951997773815089
2.81984209919315	0.5529992101371	0.951997773815089
2.94419709373991	0.590698166749789	0.951997773815089
3.05093276638905	0.623876000478819	0.951997773815089
3.14159265358979	0.636946703211213	0.951997773815089
3.23225254079054	0.623876000478819	0.951997773815089
3.33898821343967	0.590698166749789	0.951997773815089
3.46334320798644	0.5529992101371	0.951997773815089
3.6052402625906	0.521308631938132	0.951997773815089
3.76184213957261	0.500700075585265	0.951997773815089
3.92699081698724	0.493581739604847	0.951997773815089
4.09213949440187	0.500700075585265	0.951997773815089
4.24874137138388	0.521308631938132	0.951997773815089
4.39063842598805	0.5529992101371	0.951997773815089
4.51499342053481	0.590698166749789	0.951997773815089
4.62172909318394	0.623876000478819	0.951997773815089
4.71238898038469	0.636946703211213	0.951997773815089
4.80304886758543	0.623876000478819	0.951997773815089
4.90978454023457	0.590698166749788	0.951997773815089
5.03413953478133	0.5529992101371	0.951997773815089
5.1760365893855	0.521308631938132	0.951997773815089
5.33263846636751	0.500700075585265	0.951997773815089
5.49778714378214	0.493581739604847	0.951997773815089
5.66293582119676	0.500700075585265	0.951997773815089
5.81953769817878	0.521308631938132	0.951997773815089
5.96143475278294	0.5529992101371	0.951997773815089
6.0857897473297	0.590698166749788	0.951997773815089
6.19252541997884	0.623876000478819	0.951997773815089
6.28318530717959	0.636946703211213	0.951997773815089
6.37384519438033	0.623876000478819	0.951997773815089
6.48058086702947	0.590698166749789	0.951997773815089
6.60493586157623	0.5529992101371	0.951997773815089
6.74683291618039	0.521308631938132	0.951997773815089
6.90343479316241	0.500700075585265	0.951997773815089
7.06858347057703	0.493581739604847	0.951997773815089
