0.35171377723755093
0.35171377723755093
-0.9519977738150889
0.2298435687436592
0.4596871374873182
-0.9519977738150889
0.1069979283985353
0.534989641992676
-0.9519977738150889
3.4219511788720304e-17
0.5588470375710819
-0.9519977738150889
-0.10699792839853524
0.534989641992676
-0.9519977738150889
-0.22984356874365916
0.4596871374873183
-0.9519977738150889
-0.351713777237551
0.35171377723755104
-0.9519977738150889
-0.4596871374873182
0.22984356874365922
-0.9519977738150889
-0.534989641992676
0.10699792839853532
-0.9519977738150889
-0.5588470375710819
6.843902357744061e-17
-0.9519977738150889
-0.534989641992676
-0.10699792839853521
-0.9519977738150889
-0.4596871374873184
-0.22984356874365913
-0.9519977738150889
-0.351713777237551
-0.3517137772375509
-0.9519977738150889
-0.22984356874365927
-0.45968713748731826
-0.9519977738150889
-0.10699792839853511
-0.534989641992676
-0.9519977738150889
-1.026585353661609e-16
-0.5588470375710819
-0.9519977738150889
0.10699792839853538
-0.5349896419926758
-0.9519977738150889
0.2298435687436591
-0.4596871374873184
-0.9519977738150889
0.3517137772375508
-0.351713777237551
-0.9519977738150889
0.45968713748731815
-0.22984356874365927
-0.9519977738150889
0.5349896419926757
-0.10699792839853559
-0.9519977738150889
0.5588470375710819
-1.3687804715488122e-16
-0.9519977738150889
0.534989641992676
0.10699792839853538
-0.9519977738150889
0.4596871374873184
0.22984356874365908
-0.9519977738150889
0.351713777237551
0.3517137772375508
-0.9519977738150889
0.3517156814772471
0.3517156814772471
-0.5711986642890533
0.22984491667891127
0.4596898333578224
-0.5711986642890533
0.10699867692069354
0.5349933846034671
-0.5711986642890533
3.421977251386948e-17
0.5588512955358984
-0.5711986642890533
-0.10699867692069348
0.5349933846034671
-0.5711986642890533
-0.2298449166789112
0.4596898333578224
-0.5711986642890533
-0.3517156814772471
0.35171568147724713
-0.5711986642890533
-0.4596898333578224
0.2298449166789113
-0.5711986642890533
-0.534993384603467
0.10699867692069355
-0.5711986642890533
-0.5588512955358984
6.843954502773895e-17
-0.5711986642890533
-0.5349933846034671
-0.10699867692069345
-0.5711986642890533
-0.45968983335782254
-0.22984491667891122
-0.5711986642890533
-0.35171568147724713
-0.351715681477247
-0.5711986642890533
-0.22984491667891133
-0.4596898333578223
-0.5711986642890533
-0.10699867692069336
-0.5349933846034671
-0.5711986642890533
-1.0265931754160842e-16
-0.5588512955358984
-0.5711986642890533
0.10699867692069362
-0.534993384603467
-0.5711986642890533
0.2298449166789112
-0.45968983335782254
-0.5711986642890533
0.35171568147724697
-0.35171568147724713
-0.5711986642890533
0.4596898333578223
-0.22984491667891135
-0.5711986642890533
0.5349933846034669
-0.10699867692069383
-0.5711986642890533
0.5588512955358984
-1.368790900554779e-16
-0.5711986642890533
0.534993384603467
0.10699867692069359
-0.5711986642890533
0.45968983335782254
0.22984491667891116
-0.5711986642890533
0.35171568147724713
0.35171568147724697
-0.5711986642890533
0.3517187625943663
0.3517187625943663
-0.19039955476301773
0.22984709768372202
0.45969419536744394
-0.19039955476301773
0.1069998880636499
0.534999440318249
-0.19039955476301773
3.4220194381110246e-17
0.5588581851507827
-0.19039955476301773
-0.10699988806364984
0.534999440318249
-0.19039955476301773
-0.22984709768372197
0.45969419536744394
-0.19039955476301773
-0.35171876259436635
0.3517187625943664
-0.19039955476301773
-0.45969419536744394
0.22984709768372208
-0.19039955476301773
-0.534999440318249
0.10699988806364993
-0.19039955476301773
-0.5588581851507827
6.844038876222049e-17
-0.19039955476301773
-0.534999440318249
-0.10699988806364981
-0.19039955476301773
-0.459694195367444
-0.22984709768372194
-0.19039955476301773
-0.35171876259436635
-0.35171876259436624
-0.19039955476301773
-0.2298470976837221
-0.4596941953674439
-0.19039955476301773
-0.10699988806364975
-0.5349994403182492
-0.19039955476301773
-1.0266058314333073e-16
-0.5588581851507827
-0.19039955476301773
0.10699988806364999
-0.5349994403182489
-0.19039955476301773
0.2298470976837219
-0.459694195367444
-0.19039955476301773
0.3517187625943663
-0.35171876259436646
-0.19039955476301773
0.4596941953674439
-0.22984709768372213
-0.19039955476301773
0.534999440318249
-0.10699988806365024
-0.19039955476301773
0.5588581851507827
-1.3688077752444098e-16
-0.19039955476301773
0.534999440318249
0.10699988806364998
-0.19039955476301773
0.459694195367444
0.22984709768372188
-0.19039955476301773
0.35171876259436646
0.3517187625943663
-0.19039955476301773
0.3517187625943663
0.3517187625943663
0.19039955476301795
0.22984709768372202
0.45969419536744394
0.19039955476301795
0.1069998880636499
0.534999440318249
0.19039955476301795
3.4220194381110246e-17
0.5588581851507827
0.19039955476301795
-0.10699988806364984
0.534999440318249
0.19039955476301795
-0.22984709768372197
0.45969419536744394
0.19039955476301795
-0.35171876259436635
0.3517187625943664
0.19039955476301795
-0.45969419536744394
0.22984709768372208
0.19039955476301795
-0.534999440318249
0.10699988806364993
0.19039955476301795
-0.5588581851507827
6.844038876222049e-17
0.19039955476301795
-0.534999440318249
-0.10699988806364981
0.19039955476301795
-0.459694195367444
-0.22984709768372194
0.19039955476301795
-0.35171876259436635
-0.35171876259436624
0.19039955476301795
-0.2298470976837221
-0.4596941953674439
0.19039955476301795
-0.10699988806364975
-0.5349994403182492
0.19039955476301795
-1.0266058314333073e-16
-0.5588581851507827
0.19039955476301795
0.10699988806364999
-0.5349994403182489
0.19039955476301795
0.2298470976837219
-0.459694195367444
0.19039955476301795
0.3517187625943663
-0.35171876259436646
0.19039955476301795
0.4596941953674439
-0.22984709768372213
0.19039955476301795
0.534999440318249
-0.10699988806365024
0.19039955476301795
0.5588581851507827
-1.3688077752444098e-16
0.19039955476301795
0.534999440318249
0.10699988806364998
0.19039955476301795
0.459694195367444
0.22984709768372188
0.19039955476301795
0.35171876259436646
0.3517187625943663
0.19039955476301795
0.3517156814772471
0.3517156814772471
0.5711986642890534
0.22984491667891127
0.4596898333578224
0.5711986642890534
0.10699867692069354
0.5349933846034671
0.5711986642890534
3.421977251386948e-17
0.5588512955358984
0.5711986642890534
-0.10699867692069348
0.5349933846034671
0.5711986642890534
-0.2298449166789112
0.4596898333578224
0.5711986642890534
-0.3517156814772471
0.35171568147724713
0.5711986642890534
-0.4596898333578224
0.2298449166789113
0.5711986642890534
-0.534993384603467
0.10699867692069355
0.5711986642890534
-0.5588512955358984
6.843954502773895e-17
0.5711986642890534
-0.5349933846034671
-0.10699867692069345
0.5711986642890534
-0.45968983335782254
-0.22984491667891122
0.5711986642890534
-0.35171568147724713
-0.351715681477247
0.5711986642890534
-0.22984491667891133
-0.4596898333578223
0.5711986642890534
-0.10699867692069336
-0.5349933846034671
0.5711986642890534
-1.0265931754160842e-16
-0.5588512955358984
0.5711986642890534
0.10699867692069362
-0.534993384603467
0.5711986642890534
0.2298449166789112
-0.45968983335782254
0.5711986642890534
0.35171568147724697
-0.35171568147724713
0.5711986642890534
0.4596898333578223
-0.22984491667891135
0.5711986642890534
0.5349933846034669
-0.10699867692069383
0.5711986642890534
0.5588512955358984
-1.368790900554779e-16
0.5711986642890534
0.534993384603467
0.10699867692069359
0.5711986642890534
0.45968983335782254
0.22984491667891116
0.5711986642890534
0.35171568147724713
0.35171568147724697
0.5711986642890534
0.35171377723755093
0.35171377723755093
0.9519977738150889
0.2298435687436592
0.4596871374873182
0.9519977738150889
0.1069979283985353
0.534989641992676
0.9519977738150889
3.4219511788720304e-17
0.5588470375710819
0.9519977738150889
-0.10699792839853524
0.534989641992676
0.9519977738150889
-0.22984356874365916
0.4596871374873183
0.9519977738150889
-0.351713777237551
0.35171377723755104
0.9519977738150889
-0.4596871374873182
0.22984356874365922
0.9519977738150889
-0.534989641992676
0.10699792839853532
0.9519977738150889
-0.5588470375710819
6.843902357744061e-17
0.9519977738150889
-0.534989641992676
-0.10699792839853521
0.9519977738150889
-0.4596871374873184
-0.22984356874365913
0.9519977738150889
-0.351713777237551
-0.3517137772375509
0.9519977738150889
-0.22984356874365927
-0.45968713748731826
0.9519977738150889
-0.10699792839853511
-0.534989641992676
0.9519977738150889
-1.026585353661609e-16
-0.5588470375710819
0.9519977738150889
0.10699792839853538
-0.5349896419926758
0.9519977738150889
0.2298435687436591
-0.4596871374873184
0.9519977738150889
0.3517137772375508
-0.351713777237551
0.9519977738150889
0.45968713748731815
-0.22984356874365927
0.9519977738150889
0.5349896419926757
-0.10699792839853559
0.9519977738150889
0.5588470375710819
-1.3687804715488122e-16
0.9519977738150889
0.534989641992676
0.10699792839853538
0.9519977738150889
0.4596871374873184
0.22984356874365908
0.9519977738150889
0.351713777237551
0.3517137772375508
0.9519977738150889