0.7853981633974483
-0.9519977738150889
0.7853981633974483
-0.7615982190520711
0.7853981633974483
-0.5711986642890533
0.7853981633974483
-0.38079910952603546
0.7853981633974483
-0.19039955476301773
0.7853981633974483
0.
0.7853981633974483
0.19039955476301795
0.7853981633974483
0.3807991095260357
0.7853981633974483
0.5711986642890534
0.7853981633974483
0.7615982190520711
0.7853981633974483
0.9519977738150889
1.1071487177940904
-0.9519977738150889
1.1071487177940904
-0.7615982190520711
1.1071487177940904
-0.5711986642890533
1.1071487177940904
-0.38079910952603546
1.1071487177940904
-0.19039955476301773
1.1071487177940904
0.
1.1071487177940904
0.19039955476301795
1.1071487177940904
0.3807991095260357
1.1071487177940904
0.5711986642890534
1.1071487177940904
0.7615982190520711
1.1071487177940904
0.9519977738150889
1.3734007669450157
-0.9519977738150889
1.3734007669450157
-0.7615982190520711
1.3734007669450157
-0.5711986642890533
1.3734007669450157
-0.38079910952603546
1.3734007669450157
-0.19039955476301773
1.3734007669450157
0.
1.3734007669450157
0.19039955476301795
1.3734007669450157
0.3807991095260357
1.3734007669450157
0.5711986642890534
1.3734007669450157
0.7615982190520711
1.3734007669450157
0.9519977738150889
1.5707963267948966
-0.9519977738150889
1.5707963267948966
-0.7615982190520711
1.5707963267948966
-0.5711986642890533
1.5707963267948966
-0.38079910952603546
1.5707963267948966
-0.19039955476301773
1.5707963267948966
0.
1.5707963267948966
0.19039955476301795
1.5707963267948966
0.3807991095260357
1.5707963267948966
0.5711986642890534
1.5707963267948966
0.7615982190520711
1.5707963267948966
0.9519977738150889
1.7681918866447774
-0.9519977738150889
1.7681918866447774
-0.7615982190520711
1.7681918866447774
-0.5711986642890533
1.7681918866447774
-0.38079910952603546
1.7681918866447774
-0.19039955476301773
1.7681918866447774
0.
1.7681918866447774
0.19039955476301795
1.7681918866447774
0.3807991095260357
1.7681918866447774
0.5711986642890534
1.7681918866447774
0.7615982190520711
1.7681918866447774
0.9519977738150889
2.0344439357957027
-0.9519977738150889
2.0344439357957027
-0.7615982190520711
2.0344439357957027
-0.5711986642890533
2.0344439357957027
-0.38079910952603546
2.0344439357957027
-0.19039955476301773
2.0344439357957027
0.
2.0344439357957027
0.19039955476301795
2.0344439357957027
0.3807991095260357
2.0344439357957027
0.5711986642890534
2.0344439357957027
0.7615982190520711
2.0344439357957027
0.9519977738150889
2.356194490192345
-0.9519977738150889
2.356194490192345
-0.7615982190520711
2.356194490192345
-0.5711986642890533
2.356194490192345
-0.38079910952603546
2.356194490192345
-0.19039955476301773
2.356194490192345
0.
2.356194490192345
0.19039955476301795
2.356194490192345
0.3807991095260357
2.356194490192345
0.5711986642890534
2.356194490192345
0.7615982190520711
2.356194490192345
0.9519977738150889
2.677945044588987
-0.9519977738150889
2.677945044588987
-0.7615982190520711
2.677945044588987
-0.5711986642890533
2.677945044588987
-0.38079910952603546
2.677945044588987
-0.19039955476301773
2.677945044588987
0.
2.677945044588987
0.19039955476301795
2.677945044588987
0.3807991095260357
2.677945044588987
0.5711986642890534
2.677945044588987
0.7615982190520711
2.677945044588987
0.9519977738150889
2.9441970937399122
-0.9519977738150889
2.9441970937399122
-0.7615982190520711
2.9441970937399122
-0.5711986642890533
2.9441970937399122
-0.38079910952603546
2.9441970937399122
-0.19039955476301773
2.9441970937399122
0.
2.9441970937399122
0.19039955476301795
2.9441970937399122
0.3807991095260357
2.9441970937399122
0.5711986642890534
2.9441970937399122
0.7615982190520711
2.9441970937399122
0.9519977738150889
3.141592653589793
-0.9519977738150889
3.141592653589793
-0.7615982190520711
3.141592653589793
-0.5711986642890533
3.141592653589793
-0.38079910952603546
3.141592653589793
-0.19039955476301773
3.141592653589793
0.
3.141592653589793
0.19039955476301795
3.141592653589793
0.3807991095260357
3.141592653589793
0.5711986642890534
3.141592653589793
0.7615982190520711
3.141592653589793
0.9519977738150889
3.338988213439674
-0.9519977738150889
3.338988213439674
-0.7615982190520711
3.338988213439674
-0.5711986642890533
3.338988213439674
-0.38079910952603546
3.338988213439674
-0.19039955476301773
3.338988213439674
0.
3.338988213439674
0.19039955476301795
3.338988213439674
0.3807991095260357
3.338988213439674
0.5711986642890534
3.338988213439674
0.7615982190520711
3.338988213439674
0.9519977738150889
3.6052402625905993
-0.9519977738150889
3.6052402625905993
-0.7615982190520711
3.6052402625905993
-0.5711986642890533
3.6052402625905993
-0.38079910952603546
3.6052402625905993
-0.19039955476301773
3.6052402625905993
0.
3.6052402625905993
0.19039955476301795
3.6052402625905993
0.3807991095260357
3.6052402625905993
0.5711986642890534
3.6052402625905993
0.7615982190520711
3.6052402625905993
0.9519977738150889
3.9269908169872414
-0.9519977738150889
3.9269908169872414
-0.7615982190520711
3.9269908169872414
-0.5711986642890533
3.9269908169872414
-0.38079910952603546
3.9269908169872414
-0.19039955476301773
3.9269908169872414
0.
3.9269908169872414
0.19039955476301795
3.9269908169872414
0.3807991095260357
3.9269908169872414
0.5711986642890534
3.9269908169872414
0.7615982190520711
3.9269908169872414
0.9519977738150889
4.2487413713838835
-0.9519977738150889
4.2487413713838835
-0.7615982190520711
4.2487413713838835
-0.5711986642890533
4.2487413713838835
-0.38079910952603546
4.2487413713838835
-0.19039955476301773
4.2487413713838835
0.
4.2487413713838835
0.19039955476301795
4.2487413713838835
0.3807991095260357
4.2487413713838835
0.5711986642890534
4.2487413713838835
0.7615982190520711
4.2487413713838835
0.9519977738150889
4.514993420534809
-0.9519977738150889
4.514993420534809
-0.7615982190520711
4.514993420534809
-0.5711986642890533
4.514993420534809
-0.38079910952603546
4.514993420534809
-0.19039955476301773
4.514993420534809
0.
4.514993420534809
0.19039955476301795
4.514993420534809
0.3807991095260357
4.514993420534809
0.5711986642890534
4.514993420534809
0.7615982190520711
4.514993420534809
0.9519977738150889
4.71238898038469
-0.9519977738150889
4.71238898038469
-0.7615982190520711
4.71238898038469
-0.5711986642890533
4.71238898038469
-0.38079910952603546
4.71238898038469
-0.19039955476301773
4.71238898038469
0.
4.71238898038469
0.19039955476301795
4.71238898038469
0.3807991095260357
4.71238898038469
0.5711986642890534
4.71238898038469
0.7615982190520711
4.71238898038469
0.9519977738150889
4.909784540234571
-0.9519977738150889
4.909784540234571
-0.7615982190520711
4.909784540234571
-0.5711986642890533
4.909784540234571
-0.38079910952603546
4.909784540234571
-0.19039955476301773
4.909784540234571
0.
4.909784540234571
0.19039955476301795
4.909784540234571
0.3807991095260357
4.909784540234571
0.5711986642890534
4.909784540234571
0.7615982190520711
4.909784540234571
0.9519977738150889
5.176036589385496
-0.9519977738150889
5.176036589385496
-0.7615982190520711
5.176036589385496
-0.5711986642890533
5.176036589385496
-0.38079910952603546
5.176036589385496
-0.19039955476301773
5.176036589385496
0.
5.176036589385496
0.19039955476301795
5.176036589385496
0.3807991095260357
5.176036589385496
0.5711986642890534
5.176036589385496
0.7615982190520711
5.176036589385496
0.9519977738150889
5.497787143782138
-0.9519977738150889
5.497787143782138
-0.7615982190520711
5.497787143782138
-0.5711986642890533
5.497787143782138
-0.38079910952603546
5.497787143782138
-0.19039955476301773
5.497787143782138
0.
5.497787143782138
0.19039955476301795
5.497787143782138
0.3807991095260357
5.497787143782138
0.5711986642890534
5.497787143782138
0.7615982190520711
5.497787143782138
0.9519977738150889
5.81953769817878
-0.9519977738150889
5.81953769817878
-0.7615982190520711
5.81953769817878
-0.5711986642890533
5.81953769817878
-0.38079910952603546
5.81953769817878
-0.19039955476301773
5.81953769817878
0.
5.81953769817878
0.19039955476301795
5.81953769817878
0.3807991095260357
5.81953769817878
0.5711986642890534
5.81953769817878
0.7615982190520711
5.81953769817878
0.9519977738150889
6.085789747329705
-0.9519977738150889
6.085789747329705
-0.7615982190520711
6.085789747329705
-0.5711986642890533
6.085789747329705
-0.38079910952603546
6.085789747329705
-0.19039955476301773
6.085789747329705
0.
6.085789747329705
0.19039955476301795
6.085789747329705
0.3807991095260357
6.085789747329705
0.5711986642890534
6.085789747329705
0.7615982190520711
6.085789747329705
0.9519977738150889
6.283185307179586
-0.9519977738150889
6.283185307179586
-0.7615982190520711
6.283185307179586
-0.5711986642890533
6.283185307179586
-0.38079910952603546
6.283185307179586
-0.19039955476301773
6.283185307179586
0.
6.283185307179586
0.19039955476301795
6.283185307179586
0.3807991095260357
6.283185307179586
0.5711986642890534
6.283185307179586
0.7615982190520711
6.283185307179586
0.9519977738150889
6.480580867029468
-0.9519977738150889
6.480580867029468
-0.7615982190520711
6.480580867029468
-0.5711986642890533
6.480580867029468
-0.38079910952603546
6.480580867029468
-0.19039955476301773
6.480580867029468
0.
6.480580867029468
0.19039955476301795
6.480580867029468
0.3807991095260357
6.480580867029468
0.5711986642890534
6.480580867029468
0.7615982190520711
6.480580867029468
0.9519977738150889
6.746832916180392
-0.9519977738150889
6.746832916180392
-0.7615982190520711
6.746832916180392
-0.5711986642890533
6.746832916180392
-0.38079910952603546
6.746832916180392
-0.19039955476301773
6.746832916180392
0.
6.746832916180392
0.19039955476301795
6.746832916180392
0.3807991095260357
6.746832916180392
0.5711986642890534
6.746832916180392
0.7615982190520711
6.746832916180392
0.9519977738150889